% logfile for Python side
% 1 time (sec)
% 2 Mission state
% 3,4,5 (x,y,h) (m,m,rad)
% 6 Camera frame count
% 7-9 Line sensor: line position, e*kp, control y (rad/s), validCnt
% 10,11 trip A (distance and heading change)
% 12,13 trip B (distance and heading change)
% 1742563248.9124093 robobot/cmd/ti/alive 2025-03-21 14:20:48.062424
% 1742563248.9124093 robobot/cmd/ti/log 1
1742563248.9368083 0 -0.001 -0.000 0.008 0 0.28 0.000 0.000 11 0.000 0.008 0.0000 0.0081
1742563248.943617 0 -0.001 -0.000 0.008 0 0.28 0.000 0.000 11 0.000 0.008 0.0000 0.0081
1742563248.943617 0 -0.001 -0.000 0.008 0 0.28 0.000 0.000 12 0.000 0.008 0.0000 0.0081
1742563248.943617 0 -0.001 -0.000 0.008 0 0.28 0.000 0.000 13 0.000 0.008 0.0000 0.0081
1742563248.943617 0 -0.001 -0.000 0.008 0 0.28 0.000 0.000 13 0.000 0.008 0.0000 0.0081
1742563248.9757862 0 -0.001 -0.000 0.008 0 0.28 0.000 0.000 14 0.000 0.008 0.0000 0.0081
1742563248.9768622 0 -0.001 -0.000 0.008 0 0.28 0.000 0.000 14 0.000 0.008 0.0000 0.0081
1742563248.9768622 0 -0.001 -0.000 0.008 0 0.28 0.000 0.000 15 0.000 0.008 0.0000 0.0081
1742563248.9768622 0 -0.001 -0.000 0.008 0 0.28 0.000 0.000 16 0.000 0.008 0.0000 0.0081
1742563248.9768622 0 -0.001 -0.000 0.008 0 0.28 0.000 0.000 16 0.000 0.008 0.0000 0.0081
1742563248.979309 0 -0.001 -0.000 0.008 0 0.28 0.000 0.000 17 0.000 0.008 0.0000 0.0081
1742563249.0093038 0 -0.001 -0.000 0.008 0 0.28 0.000 0.000 17 0.000 0.008 0.0000 0.0081
1742563249.0093038 0 -0.001 -0.000 0.008 0 0.28 0.000 0.000 18 0.000 0.008 0.0000 0.0081
1742563249.0093038 0 -0.001 -0.000 0.008 0 0.28 0.000 0.000 19 0.000 0.008 0.0000 0.0081
1742563249.0093038 0 -0.001 -0.000 0.008 0 0.28 0.000 0.000 19 0.000 0.008 0.0000 0.0081
1742563249.012559 0 -0.001 -0.000 0.008 0 0.28 0.000 0.000 20 0.000 0.008 0.0000 0.0081
1742563249.0373406 0 -0.001 -0.000 0.008 0 0.28 0.000 0.000 20 0.000 0.008 0.0000 0.0081
1742563249.0373406 0 -0.001 -0.000 0.008 0 0.28 0.000 0.000 20 0.000 0.008 0.0000 0.0081
1742563249.0373406 0 -0.001 -0.000 0.008 0 0.28 0.000 0.000 20 0.000 0.008 0.0000 0.0081
1742563249.0373406 0 -0.001 -0.000 0.008 0 0.28 0.000 0.000 20 0.000 0.008 0.0000 0.0081
1742563249.0437677 0 -0.001 -0.000 0.008 0 0.28 0.000 0.000 20 0.000 0.008 0.0000 0.0081
1742563249.0677829 0 -0.001 -0.000 0.008 0 0.28 0.000 0.000 20 0.000 0.008 0.0000 0.0081
1742563249.0677829 0 -0.001 -0.000 0.008 0 0.28 0.000 0.000 20 0.000 0.008 0.0000 0.0081
1742563249.075834 0 -0.001 -0.000 0.008 0 0.28 0.000 0.000 20 0.000 0.008 0.0000 0.0081
1742563249.075834 0 -0.001 -0.000 0.008 0 0.28 0.000 0.000 20 0.000 0.008 0.0000 0.0081
1742563249.075834 0 -0.001 -0.000 0.008 0 0.28 0.000 0.000 20 0.000 0.008 0.0000 0.0081
1742563249.0790713 0 -0.001 -0.000 0.008 0 0.28 0.000 0.000 20 0.000 0.008 0.0000 0.0081
1742563249.107777 0 -0.001 -0.000 0.008 0 0.28 0.000 0.000 20 0.000 0.008 0.0000 0.0081
1742563249.107777 0 -0.001 -0.000 0.008 0 0.28 0.000 0.000 20 0.000 0.008 0.0000 0.0081
1742563249.107777 0 -0.001 -0.000 0.008 0 0.28 0.000 0.000 20 0.000 0.008 0.0000 0.0081
1742563249.107777 0 -0.001 -0.000 0.008 0 0.28 0.000 0.000 20 0.000 0.008 0.0000 0.0081
1742563249.107777 0 -0.001 -0.000 0.008 0 0.28 0.000 0.000 20 0.000 0.008 0.0000 0.0081
1742563249.107777 0 -0.001 -0.000 0.008 0 0.28 0.000 0.000 20 0.000 0.008 0.0000 0.0081
1742563249.135658 0 -0.001 -0.000 0.008 0 0.32 0.000 0.000 20 0.000 0.008 0.0000 0.0081
1742563249.135658 0 -0.001 -0.000 0.008 0 0.32 0.000 0.000 20 0.000 0.008 0.0000 0.0081
1742563249.1401496 0 -0.001 -0.000 0.008 0 0.29 0.000 0.000 20 0.000 0.008 0.0000 0.0081
1742563249.1401496 0 -0.001 -0.000 0.008 0 0.29 0.000 0.000 20 0.000 0.008 0.0000 0.0081
1742563249.1401496 0 -0.001 -0.000 0.008 0 0.30 0.000 0.000 20 0.000 0.008 0.0000 0.0081
1742563249.1724246 0 -0.001 -0.000 0.008 0 0.28 0.000 0.000 20 0.000 0.008 0.0000 0.0081
1742563249.1744356 0 -0.001 -0.000 0.008 0 0.28 0.000 0.000 20 0.000 0.008 0.0000 0.0081
1742563249.1744356 0 -0.001 -0.000 0.008 0 0.28 0.000 0.000 20 0.000 0.008 0.0000 0.0081
1742563249.1744356 0 -0.001 -0.000 0.008 0 0.28 0.000 0.000 20 0.000 0.008 0.0000 0.0081
1742563249.1754782 0 -0.001 -0.000 0.008 0 0.28 0.000 0.000 20 0.000 0.008 0.0000 0.0081
1742563249.2053225 0 -0.001 -0.000 0.008 0 0.28 0.000 0.000 20 0.000 0.008 0.0000 0.0081
1742563249.2053225 0 -0.001 -0.000 0.008 0 0.28 0.000 0.000 20 0.000 0.008 0.0000 0.0081
1742563249.2053225 0 -0.001 -0.000 0.008 0 0.28 0.000 0.000 20 0.000 0.008 0.0000 0.0081
1742563249.2053225 0 -0.001 -0.000 0.008 0 0.28 0.000 0.000 20 0.000 0.008 0.0000 0.0081
1742563249.2068899 0 -0.001 -0.000 0.008 0 0.29 0.000 0.000 20 0.000 0.008 0.0000 0.0081
1742563249.2085824 0 -0.001 -0.000 0.008 0 0.29 0.000 0.000 20 0.000 0.008 0.0000 0.0081
1742563249.2378578 0 -0.001 -0.000 0.008 0 0.29 0.000 0.000 20 0.000 0.008 0.0000 0.0081
1742563249.2378578 0 -0.001 -0.000 0.008 0 0.29 0.000 0.000 20 0.000 0.008 0.0000 0.0081
1742563249.2378578 0 -0.001 -0.000 0.008 0 0.29 0.000 0.000 20 0.000 0.008 0.0000 0.0081
1742563249.2378578 0 -0.001 -0.000 0.008 0 0.29 0.000 0.000 20 0.000 0.008 0.0000 0.0081
1742563249.24055 0 -0.001 -0.000 0.008 0 0.29 0.000 0.000 20 0.000 0.008 0.0000 0.0081
1742563249.24055 0 -0.001 -0.000 0.008 0 0.29 0.000 0.000 20 0.000 0.008 0.0000 0.0081
1742563249.2693691 0 -0.001 -0.000 0.008 0 0.29 0.000 0.000 20 0.000 0.008 0.0000 0.0081
1742563249.2693691 0 -0.001 -0.000 0.008 0 0.29 0.000 0.000 20 0.000 0.008 0.0000 0.0081
1742563249.2693691 0 -0.001 -0.000 0.008 0 0.29 0.000 0.000 20 0.000 0.008 0.0000 0.0081
1742563249.2743642 0 -0.001 -0.000 0.008 0 0.29 0.000 0.000 20 0.000 0.008 0.0000 0.0081
1742563249.2778034 0 -0.001 -0.000 0.008 0 0.29 0.000 0.000 20 0.000 0.008 0.0000 0.0081
1742563249.3021955 0 -0.001 -0.000 0.008 0 0.29 0.000 0.000 20 0.000 0.008 0.0000 0.0081
1742563249.3021955 0 -0.001 -0.000 0.008 0 0.29 0.000 0.000 20 0.000 0.008 0.0000 0.0081
1742563249.3021955 0 -0.001 -0.000 0.008 0 0.29 0.000 0.000 20 0.000 0.008 0.0000 0.0081
1742563249.3021955 0 -0.001 -0.000 0.008 0 0.29 0.000 0.000 20 0.000 0.008 0.0000 0.0081
1742563249.3048205 0 -0.001 -0.000 0.008 0 0.29 0.000 0.000 20 0.000 0.008 0.0000 0.0081
1742563249.3329337 0 -0.001 -0.000 0.008 0 0.29 0.000 0.000 20 0.000 0.008 0.0000 0.0081
1742563249.3329337 0 -0.001 -0.000 0.008 0 0.29 0.000 0.000 20 0.000 0.008 0.0000 0.0081
1742563249.3329337 0 -0.001 -0.000 0.008 0 0.29 0.000 0.000 20 0.000 0.008 0.0000 0.0081
1742563249.3329337 0 -0.001 -0.000 0.008 0 0.29 0.000 0.000 20 0.000 0.008 0.0000 0.0081
1742563249.3359137 0 -0.001 -0.000 0.008 0 0.29 0.000 0.000 20 0.000 0.008 0.0000 0.0081
